_id
366439525
366439554
366439630
366439776
366439807
366439907
366439908
366439980
366440116
366440140
366440286
366440307
366440319
366440329
366440405
366440428
366440448
366440484
366440655
366440729
366440783
366440827
366440881
366440966
366441141
366441298
366441302
366441325
366441338
366441385
366441391
366441452
366441499
366441534
366441624
366441638
366441640
366441651
366441694
366441745
366441747
366441789
366441959
366441972
366442034
366442073
366442171
366442212
366442274
366442410
366442418
366442464
366442614
366442628
366442681
366442751
366442853
366442996
366443014
366443260
366443281
366443374
366443387
366443537
366443652
366443748
366443806
366443898
366443905
366444451
366444523
366444570
366444740
366444868
366444906
366445046
366445161
366445185
366445187
366445188
366445199
366445287
366445533
366445567
366445618
366445712
366445802
366445868
366445888
366445936
366446109
366446184
366446193
366446231
366446366
366446438
366446455
366446463
366446468
366446489
